Homes:
  df276042-f832-4bd5-8c7c-33682b4c6dc8:
    X: 211.6406303048078
    Y: 72.0
    Z: -250.31528999589779
    Yaw: -4.94156E-6
    Pitch: 0.0
    World: world
  21cfcec8-ac2a-466b-a251-689d5db546f0:
    X: 349.7217512020974
    Y: 77.0
    Z: -250.19165491007553
    Yaw: 80.69873
    Pitch: 37.949863
    World: world
  e539c24c-edb6-460e-b0b5-11d8ee2eae46:
    X: 268.1257876151089
    Y: 71.0
    Z: -228.47516035186308
    Yaw: 93.17726
    Pitch: 59.31093
    World: world
  5afa1bc8-dfdb-4aa1-bbd8-47988d3f6e3c:
    X: 150.5232459963204
    Y: 69.0
    Z: -244.69999998807907
    Yaw: -0.6004842
    Pitch: 89.40001
    World: world
